!ADJACENCY_LIST !SIMPLE
100
0, 4, 5, 6, 7, 9, 14, 15, 16, 18, 20, 25, 28, 33, 34, 35, 38, 39, 41, 43, 45, 46, 50, 51, 54, 55, 56, 58, 60, 61, 62, 63, 65, 66, 70, 74, 75, 76, 78, 82, 88, 97, 98, 99
1, 0, 2, 4, 6, 10, 11, 13, 14, 19, 20, 26, 27, 29, 33, 36, 37, 44, 46, 52, 53, 55, 56, 58, 60, 64, 67, 69, 73, 74, 79, 81, 88, 89, 98, 99
2, 7, 10, 12, 14, 17, 19, 21, 22, 26, 29, 30, 34, 35, 36, 37, 38, 39, 48, 50, 51, 52, 56, 57, 59, 61, 67, 73, 75, 78, 84, 86, 87, 89, 91, 94
3, 4, 7, 12, 16, 18, 19, 20, 22, 24, 29, 31, 33, 34, 36, 37, 38, 39, 40, 41, 43, 45, 48, 49, 52, 55, 61, 63, 64, 67, 69, 70, 71, 77, 80, 81, 83, 86, 89, 91, 97
4, 0, 1, 8, 9, 11, 16, 19, 24, 26, 27, 28, 33, 34, 35, 37, 38, 40, 44, 45, 46, 48, 51, 53, 58, 59, 61, 64, 66, 70, 73, 74, 78, 79, 80, 85, 91, 93, 97
5, 1, 3, 11, 12, 22, 23, 26, 30, 40, 44, 45, 47, 52, 53, 54, 55, 56, 63, 66, 68, 69, 72, 73, 76, 77, 80, 84, 86, 94
6, 0, 7, 9, 12, 15, 16, 17, 18, 20, 23, 24, 26, 36, 43, 46, 49, 58, 62, 64, 70, 71, 73, 75, 81, 83, 86, 87, 88, 89, 90, 92, 93, 95, 99
7, 0, 1, 6, 8, 10, 13, 15, 17, 18, 19, 20, 21, 22, 34, 41, 42, 46, 47, 51, 52, 53, 56, 57, 58, 59, 61, 63, 68, 72, 73, 74, 78, 79, 82, 84, 85, 86, 90, 94, 99
8, 4, 16, 17, 18, 19, 24, 29, 33, 34, 37, 38, 40, 42, 43, 45, 46, 48, 49, 53, 61, 62, 65, 66, 67, 70, 71, 75, 76, 77, 81, 87, 89, 92, 93, 96, 99
9, 1, 2, 3, 5, 8, 10, 12, 14, 16, 21, 24, 25, 39, 41, 44, 45, 47, 49, 50, 53, 56, 59, 67, 70, 73, 76, 78, 79, 85, 86, 88, 89, 92, 93, 94, 97, 98
10, 3, 5, 7, 8, 9, 14, 15, 16, 20, 21, 22, 23, 28, 31, 34, 35, 37, 38, 52, 53, 55, 59, 60, 62, 63, 64, 69, 70, 74, 78, 86, 87, 88, 93, 98
11, 2, 5, 7, 14, 20, 21, 28, 32, 34, 37, 39, 40, 41, 42, 43, 45, 50, 51, 53, 57, 60, 61, 62, 63, 67, 68, 69, 70, 71, 72, 80, 82, 86, 87, 88, 89, 91, 93, 94, 98
12, 1, 4, 6, 8, 10, 13, 14, 21, 29, 32, 38, 41, 43, 44, 46, 48, 57, 58, 59, 65, 66, 69, 72, 76, 78, 79, 81, 84, 85, 87, 88, 96, 97, 99
13, 1, 3, 4, 7, 15, 16, 19, 27, 31, 33, 34, 38, 41, 44, 48, 50, 52, 54, 55, 57, 58, 59, 64, 67, 68, 73, 75, 78, 80, 81, 83, 84, 86, 87, 89, 92, 93, 94, 96, 98
14, 0, 4, 5, 7, 10, 15, 17, 18, 19, 22, 23, 26, 31, 33, 35, 42, 47, 49, 51, 52, 53, 55, 58, 60, 62, 67, 72, 74, 76, 77, 79, 81, 83, 87, 88, 89, 94, 95, 98
15, 0, 1, 4, 7, 12, 13, 18, 22, 24, 28, 29, 32, 39, 42, 43, 45, 46, 47, 48, 50, 53, 54, 55, 56, 58, 60, 65, 66, 69, 71, 76, 79, 81, 83, 84, 89, 91, 95, 98
16, 0, 3, 6, 8, 13, 15, 17, 23, 26, 28, 31, 32, 35, 41, 42, 44, 47, 50, 51, 62, 63, 65, 70, 71, 73, 74, 75, 80, 81, 82, 89, 90, 91, 95, 98, 99
17, 3, 5, 6, 8, 10, 11, 12, 13, 16, 19, 20, 23, 25, 28, 36, 46, 49, 52, 61, 62, 63, 64, 67, 73, 74, 76, 85, 86, 87, 88, 91, 93, 94, 99
18, 2, 3, 7, 13, 19, 20, 23, 30, 35, 36, 38, 39, 40, 42, 43, 44, 46, 48, 50, 51, 55, 57, 58, 61, 65, 69, 72, 73, 79, 84, 85, 86, 87, 89, 91, 92, 94, 96, 98
19, 1, 11, 15, 16, 18, 20, 23, 24, 27, 28, 29, 31, 32, 33, 35, 37, 39, 40, 42, 47, 51, 57, 58, 61, 62, 65, 66, 67, 68, 78, 79, 80, 81, 86, 87, 94, 98
20, 0, 1, 2, 4, 5, 6, 8, 11, 14, 15, 17, 18, 19, 21, 25, 29, 31, 32, 33, 36, 37, 38, 41, 44, 47, 48, 51, 56, 57, 58, 61, 68, 70, 74, 77, 80, 84, 85, 92, 94
21, 4, 5, 8, 10, 16, 17, 18, 19, 20, 22, 23, 24, 29, 30, 31, 35, 36, 37, 40, 43, 44, 48, 50, 51, 54, 61, 68, 79, 80, 85, 87, 89, 92, 93, 94, 97, 99
22, 1, 2, 3, 4, 6, 8, 10, 13, 15, 18, 23, 24, 25, 31, 32, 36, 37, 38, 42, 45, 47, 49, 50, 53, 54, 55, 58, 59, 60, 61, 64, 65, 68, 69, 73, 77, 86, 88, 90, 92, 94
23, 6, 7, 10, 11, 18, 19, 24, 28, 32, 35, 42, 46, 51, 56, 57, 58, 61, 62, 63, 64, 66, 68, 71, 74, 75, 77, 78, 86, 87, 89, 93, 96, 97
24, 1, 9, 13, 18, 21, 26, 28, 29, 32, 36, 41, 42, 43, 44, 47, 50, 52, 55, 57, 60, 66, 74, 75, 80, 81, 86, 87, 91, 95
25, 1, 3, 10, 14, 16, 20, 22, 23, 24, 26, 28, 30, 40, 43, 45, 50, 56, 61, 64, 66, 72, 74, 76, 81, 85, 86, 89, 91, 92, 93
26, 0, 7, 8, 9, 11, 12, 14, 15, 20, 29, 31, 33, 35, 38, 39, 41, 45, 48, 50, 51, 53, 57, 58, 59, 61, 64, 65, 66, 71, 75, 79, 82, 83, 86, 90, 93, 94, 98
27, 2, 3, 4, 5, 6, 9, 13, 25, 30, 31, 32, 34, 36, 38, 44, 47, 52, 57, 58, 61, 65, 68, 69, 72, 76, 78, 80, 81, 82, 84, 86, 88, 89, 93, 95, 97, 99
28, 1, 5, 11, 13, 14, 15, 18, 21, 22, 25, 26, 27, 35, 36, 38, 42, 43, 47, 49, 52, 54, 58, 59, 60, 63, 66, 67, 68, 69, 70, 72, 75, 76, 82, 85, 88, 89, 90, 91, 93, 95, 97
29, 2, 3, 4, 10, 12, 14, 15, 16, 21, 25, 30, 31, 32, 34, 37, 39, 40, 42, 45, 50, 51, 52, 55, 56, 61, 62, 65, 72, 73, 74, 77, 80, 81, 86, 90, 91, 93, 96, 97, 98
30, 0, 6, 8, 9, 10, 14, 16, 17, 18, 19, 23, 25, 28, 31, 32, 35, 36, 37, 39, 42, 44, 48, 50, 52, 53, 55, 56, 57, 64, 72, 73, 78, 79, 87, 93, 94, 97, 98
31, 0, 5, 12, 13, 14, 16, 21, 22, 24, 27, 29, 30, 32, 33, 34, 39, 44, 46, 49, 58, 59, 60, 62, 64, 65, 66, 67, 68, 69, 78, 80, 81, 94, 95, 96, 98
32, 0, 3, 7, 8, 10, 11, 13, 16, 17, 18, 19, 22, 24, 25, 26, 27, 29, 33, 36, 37, 38, 40, 44, 47, 49, 51, 52, 53, 54, 56, 60, 61, 62, 63, 64, 66, 67, 68, 70, 75, 76, 77, 78, 79, 82, 85, 87, 88, 95, 97, 99
33, 1, 3, 4, 6, 11, 15, 16, 18, 19, 24, 28, 29, 43, 44, 47, 50, 51, 52, 54, 56, 57, 58, 60, 71, 72, 76, 80, 81, 83, 86, 87, 90, 93, 94, 98
34, 0, 3, 5, 10, 12, 16, 19, 20, 22, 24, 27, 33, 37, 38, 40, 41, 44, 45, 47, 52, 53, 55, 57, 58, 63, 68, 71, 74, 76, 77, 78, 79, 80, 83, 85, 86, 87, 90, 92, 93, 95, 96, 99
35, 1, 2, 3, 5, 9, 11, 12, 13, 20, 23, 26, 27, 28, 31, 34, 36, 40, 48, 50, 52, 55, 57, 63, 64, 66, 74, 78, 79, 81, 82, 84, 88, 92, 94, 98, 99
36, 2, 3, 8, 10, 15, 16, 17, 18, 20, 21, 29, 32, 37, 38, 40, 41, 43, 44, 46, 48, 52, 53, 60, 62, 63, 68, 74, 79, 81, 84, 86, 88, 89, 90, 94, 95
37, 0, 8, 10, 11, 13, 14, 17, 18, 20, 22, 23, 24, 25, 29, 30, 32, 33, 34, 35, 42, 43, 44, 46, 47, 48, 50, 51, 54, 55, 56, 57, 59, 63, 64, 65, 67, 69, 71, 74, 79, 81, 83, 84, 85, 88, 91, 94
38, 1, 4, 12, 13, 14, 15, 17, 18, 20, 28, 33, 34, 35, 40, 43, 45, 47, 50, 51, 54, 55, 56, 57, 61, 65, 66, 67, 70, 73, 75, 77, 78, 79, 80, 83, 84, 85, 87, 89, 91, 93, 95, 96, 99
39, 2, 4, 5, 6, 8, 9, 11, 12, 13, 14, 16, 17, 19, 20, 22, 24, 27, 28, 29, 32, 42, 49, 50, 52, 54, 59, 60, 62, 67, 73, 74, 78, 82, 87, 88, 94
40, 0, 4, 5, 10, 14, 21, 23, 25, 26, 27, 28, 31, 39, 42, 44, 49, 50, 60, 62, 64, 65, 66, 67, 71, 75, 86, 87, 88, 90, 92, 95, 96
41, 2, 4, 5, 6, 7, 11, 12, 13, 15, 16, 23, 27, 29, 30, 32, 40, 42, 52, 55, 57, 58, 61, 62, 63, 64, 68, 69, 70, 75, 77, 85, 86, 87, 88, 89, 90, 91, 92, 93, 94
42, 0, 1, 3, 4, 5, 6, 9, 10, 15, 16, 21, 23, 32, 36, 37, 41, 43, 44, 46, 48, 51, 54, 55, 59, 61, 67, 71, 75, 78, 80, 83, 85, 87, 88, 89, 93, 95, 97
43, 4, 5, 7, 9, 13, 15, 17, 18, 25, 26, 29, 32, 39, 41, 45, 46, 47, 50, 54, 55, 59, 62, 63, 69, 72, 73, 75, 76, 79, 80, 84, 85, 89, 90, 91, 92, 94
44, 0, 1, 4, 10, 13, 22, 25, 26, 27, 29, 30, 35, 37, 38, 42, 43, 47, 48, 49, 53, 57, 59, 61, 63, 64, 65, 68, 70, 71, 73, 75, 76, 77, 78, 80, 81, 82, 83, 95, 98
45, 1, 2, 5, 6, 10, 11, 14, 15, 17, 22, 23, 29, 30, 32, 33, 37, 38, 41, 43, 46, 48, 49, 52, 54, 56, 57, 58, 59, 61, 62, 64, 71, 72, 75, 83, 86, 90, 91, 92, 95, 96, 97, 98
46, 1, 3, 4, 13, 14, 17, 18, 19, 20, 21, 23, 26, 28, 36, 43, 44, 47, 49, 52, 62, 64, 67, 69, 70, 71, 74, 80, 84, 86, 89, 92, 96, 99
47, 0, 1, 2, 3, 4, 7, 11, 12, 13, 15, 17, 20, 22, 25, 29, 35, 36, 39, 42, 46, 48, 52, 53, 54, 56, 60, 71, 72, 73, 75, 78, 79, 81, 84, 89, 90, 92, 93, 96, 98, 99
48, 0, 2, 5, 9, 15, 20, 22, 24, 26, 28, 29, 30, 31, 35, 37, 38, 39, 42, 43, 44, 45, 46, 51, 54, 55, 60, 62, 65, 66, 67, 75, 77, 81, 82, 87, 88, 96, 97, 99
49, 0, 2, 3, 6, 8, 11, 13, 14, 15, 18, 23, 24, 27, 30, 33, 34, 36, 43, 44, 45, 47, 48, 51, 52, 53, 54, 55, 56, 57, 58, 63, 70, 71, 74, 76, 86, 87, 89, 93, 94, 98
50, 0, 1, 4, 9, 10, 13, 16, 18, 21, 23, 24, 31, 35, 39, 40, 41, 43, 44, 48, 54, 55, 57, 61, 65, 66, 70, 75, 76, 77, 81, 82, 88, 90, 92, 95, 99
51, 0, 1, 2, 3, 5, 7, 9, 13, 14, 15, 17, 22, 24, 26, 27, 28, 29, 30, 31, 33, 34, 35, 40, 44, 45, 46, 53, 54, 56, 58, 61, 64, 68, 69, 72, 79, 81, 82, 83, 85, 88, 89, 91, 92, 94
52, 5, 9, 12, 16, 24, 30, 35, 42, 43, 44, 45, 47, 48, 49, 56, 60, 62, 63, 68, 71, 74, 81, 83, 84, 85, 86, 87, 92, 93, 95, 96
53, 0, 1, 2, 4, 5, 8, 13, 14, 16, 17, 19, 20, 21, 26, 27, 29, 31, 35, 38, 40, 42, 45, 49, 52, 54, 55, 56, 58, 59, 60, 61, 63, 69, 70, 71, 74, 75, 76, 77, 79, 85, 87, 91, 92, 93, 95, 99
54, 5, 9, 10, 12, 17, 18, 19, 21, 24, 26, 27, 29, 30, 31, 37, 39, 42, 43, 44, 45, 47, 49, 51, 52, 56, 64, 67, 71, 75, 76, 77, 79, 80, 81, 82, 87, 89, 90, 91, 93, 99
55, 2, 7, 8, 10, 12, 14, 15, 16, 18, 21, 22, 23, 24, 28, 30, 41, 42, 47, 48, 49, 50, 52, 53, 57, 60, 61, 63, 64, 69, 70, 73, 76, 77, 78, 79, 80, 82, 85, 86, 88, 89, 91, 96
56, 0, 1, 2, 10, 11, 17, 19, 22, 23, 25, 26, 27, 28, 33, 34, 36, 40, 45, 47, 48, 55, 57, 62, 63, 64, 65, 66, 68, 70, 73, 77, 78, 83, 84, 85, 89, 92, 95, 96, 97, 98
57, 0, 2, 4, 9, 10, 11, 12, 14, 17, 19, 20, 24, 31, 32, 35, 37, 40, 45, 47, 50, 51, 59, 63, 64, 66, 68, 73, 74, 75, 78, 80, 82, 84, 85, 87, 90, 91, 97
58, 1, 4, 6, 9, 11, 12, 13, 14, 15, 19, 20, 25, 29, 33, 34, 36, 39, 41, 43, 44, 46, 52, 56, 60, 61, 67, 68, 74, 81, 82, 85, 90, 91, 92, 95, 96, 99
59, 0, 3, 6, 7, 9, 14, 15, 19, 23, 24, 27, 28, 30, 31, 33, 36, 40, 43, 45, 47, 48, 51, 61, 62, 65, 67, 68, 69, 73, 75, 81, 84, 86, 87, 92, 94, 95, 96, 99
60, 3, 6, 9, 10, 12, 13, 16, 19, 20, 22, 30, 31, 34, 35, 36, 40, 51, 58, 59, 61, 63, 64, 66, 69, 70, 71, 72, 73, 74, 76, 80, 82, 84, 85, 86, 88, 90, 92, 94, 96, 97, 98
61, 0, 1, 5, 6, 7, 11, 14, 15, 16, 17, 18, 19, 25, 28, 29, 33, 35, 38, 39, 43, 44, 45, 46, 49, 51, 52, 53, 55, 56, 60, 63, 66, 68, 72, 73, 75, 76, 77, 88, 93, 96, 99
62, 0, 3, 4, 5, 7, 8, 10, 12, 14, 16, 20, 21, 22, 23, 27, 28, 33, 34, 37, 38, 39, 40, 44, 49, 52, 53, 63, 66, 70, 72, 76, 79, 81, 82, 84, 87, 89, 90, 96, 99
63, 2, 7, 11, 12, 13, 14, 20, 24, 27, 29, 30, 31, 35, 37, 42, 47, 50, 51, 52, 53, 54, 58, 60, 62, 65, 67, 69, 71, 73, 76, 78, 81, 84, 86, 88, 89, 90, 91, 92, 93, 96, 99
64, 0, 8, 12, 13, 16, 21, 23, 25, 26, 27, 28, 29, 30, 31, 32, 36, 37, 38, 39, 46, 49, 50, 51, 52, 53, 55, 63, 67, 68, 71, 74, 76, 78, 79, 80, 81, 82, 90, 95, 96
65, 0, 3, 4, 5, 6, 7, 10, 13, 15, 16, 19, 21, 22, 25, 27, 28, 29, 30, 31, 34, 39, 40, 41, 43, 44, 45, 46, 47, 51, 52, 53, 54, 56, 57, 61, 63, 66, 69, 70, 72, 74, 75, 77, 80, 81, 82, 85, 88, 92, 95, 97
66, 0, 6, 8, 14, 15, 18, 19, 20, 26, 27, 28, 36, 38, 39, 40, 43, 48, 57, 60, 62, 63, 64, 65, 69, 73, 75, 76, 77, 83, 84, 86, 88, 89, 90, 92, 94, 99
67, 0, 1, 5, 7, 8, 9, 10, 15, 19, 21, 23, 26, 27, 29, 30, 32, 33, 35, 36, 37, 39, 42, 45, 48, 49, 52, 53, 54, 57, 61, 66, 69, 71, 72, 79, 80, 81, 84, 90, 91, 92, 95, 96
68, 1, 3, 5, 10, 12, 13, 16, 17, 20, 22, 25, 26, 27, 28, 30, 31, 32, 33, 35, 36, 40, 41, 45, 46, 48, 50, 51, 52, 56, 57, 59, 63, 65, 66, 71, 75, 77, 79, 80, 86, 87, 88, 90, 94, 98, 99
69, 0, 4, 6, 11, 13, 15, 16, 18, 23, 24, 27, 28, 30, 34, 35, 36, 37, 38, 41, 44, 47, 49, 52, 53, 54, 58, 59, 61, 63, 67, 68, 70, 71, 75, 77, 79, 81, 82, 87, 90, 91, 93, 98, 99
70, 0, 1, 2, 9, 10, 13, 16, 18, 19, 23, 24, 25, 26, 27, 28, 29, 30, 31, 32, 34, 36, 38, 39, 41, 43, 44, 45, 51, 52, 54, 55, 56, 58, 60, 61, 63, 66, 69, 73, 75, 77, 80, 82, 85, 95, 97
71, 0, 1, 3, 4, 5, 6, 8, 13, 14, 19, 21, 25, 33, 34, 39, 41, 42, 45, 46, 47, 48, 49, 51, 52, 54, 56, 57, 60, 65, 66, 73, 74, 77, 78, 82, 85, 86, 87, 89, 91, 93, 94, 97, 99
72, 1, 4, 7, 13, 14, 23, 29, 30, 31, 36, 37, 38, 39, 40, 41, 44, 48, 51, 52, 54, 60, 64, 66, 68, 70, 75, 77, 83, 84, 86, 88, 90, 92, 93, 96, 99
73, 0, 1, 3, 8, 11, 12, 14, 16, 24, 25, 26, 28, 29, 30, 31, 32, 37, 42, 43, 44, 46, 48, 51, 53, 54, 55, 57, 61, 65, 69, 74, 75, 76, 80, 81, 86, 87, 88, 89, 92
74, 7, 8, 9, 10, 12, 14, 16, 22, 25, 26, 32, 33, 34, 39, 41, 44, 46, 50, 51, 56, 57, 58, 60, 62, 63, 64, 65, 66, 67, 68, 69, 73, 78, 80, 81, 84, 86, 87, 99
75, 2, 6, 7, 9, 15, 16, 18, 19, 20, 21, 23, 24, 27, 31, 32, 35, 36, 37, 38, 39, 40, 44, 46, 49, 51, 52, 53, 56, 58, 59, 63, 64, 65, 67, 70, 74, 78, 80, 81, 88, 89, 91, 92, 94, 98, 99
76, 0, 3, 4, 5, 8, 9, 17, 20, 22, 24, 26, 27, 28, 29, 30, 31, 33, 34, 38, 40, 41, 43, 45, 47, 48, 49, 56, 57, 60, 62, 64, 65, 68, 69, 70, 72, 75, 77, 78, 84, 85, 89, 90, 92
77, 17, 21, 26, 27, 30, 36, 37, 41, 44, 47, 48, 49, 55, 57, 58, 59, 61, 63, 64, 66, 68, 70, 75, 76, 82, 83, 84, 89, 90, 92, 93, 94, 95, 96, 97, 98
78, 0, 2, 5, 6, 8, 9, 14, 15, 16, 18, 21, 23, 26, 29, 31, 33, 35, 40, 48, 50, 55, 59, 63, 64, 68, 71, 72, 74, 75, 76, 77, 80, 82, 86, 87, 92, 96, 98, 99
79, 3, 6, 7, 9, 10, 11, 12, 15, 16, 17, 19, 20, 35, 37, 39, 40, 44, 47, 48, 49, 50, 51, 54, 55, 56, 58, 61, 62, 63, 64, 65, 73, 74, 81, 83, 87, 88, 90, 92, 94, 95, 96, 98, 99
80, 0, 1, 2, 3, 4, 7, 8, 11, 15, 16, 22, 24, 27, 30, 31, 32, 34, 37, 41, 43, 44, 45, 50, 54, 58, 70, 71, 72, 82, 85, 93, 99
81, 0, 1, 6, 7, 8, 10, 11, 12, 13, 14, 21, 22, 23, 25, 30, 35, 36, 39, 40, 41, 45, 46, 54, 56, 59, 60, 62, 64, 65, 67, 68, 69, 70, 71, 73, 76, 77, 78, 80, 89, 90, 91, 92, 94, 98, 99
82, 0, 6, 9, 10, 11, 13, 15, 16, 18, 19, 20, 21, 25, 27, 28, 29, 38, 41, 42, 44, 45, 50, 52, 54, 58, 62, 65, 66, 71, 72, 80, 83, 84, 85, 90, 93, 94, 97, 98
83, 0, 2, 3, 5, 9, 16, 17, 18, 20, 21, 25, 27, 30, 33, 34, 35, 36, 38, 41, 43, 46, 48, 52, 54, 55, 58, 60, 63, 67, 69, 75, 77, 78, 79, 81, 87, 88, 90, 92, 94, 95, 98, 99
84, 2, 3, 5, 7, 8, 9, 10, 11, 13, 14, 17, 18, 21, 22, 25, 26, 28, 29, 30, 34, 40, 48, 49, 50, 54, 56, 57, 58, 59, 62, 66, 67, 69, 71, 72, 73, 74, 75, 83, 85, 86, 87, 89, 91, 94, 95, 96, 97
85, 0, 1, 4, 6, 7, 10, 11, 12, 13, 16, 17, 19, 20, 25, 28, 29, 33, 34, 42, 46, 48, 50, 51, 55, 56, 57, 63, 65, 67, 68, 69, 74, 75, 76, 77, 79, 82, 86, 90, 91, 95
86, 1, 6, 7, 9, 10, 11, 16, 23, 24, 25, 26, 30, 36, 39, 40, 42, 43, 44, 46, 48, 50, 56, 58, 59, 60, 61, 66, 67, 68, 70, 73, 81, 82, 83, 84, 88, 90, 93, 94, 96, 97, 98
87, 0, 3, 11, 24, 25, 29, 30, 31, 42, 45, 47, 48, 49, 54, 58, 60, 61, 67, 70, 78, 79, 81, 85, 86, 91
88, 4, 7, 11, 12, 16, 17, 27, 29, 30, 37, 38, 39, 40, 42, 44, 45, 46, 50, 56, 57, 58, 59, 62, 66, 68, 70, 71, 72, 74, 75, 77, 80, 81, 87, 91, 96, 97, 99
89, 0, 2, 12, 13, 17, 19, 22, 25, 29, 31, 33, 37, 38, 45, 50, 51, 54, 56, 60, 65, 67, 68, 70, 73, 74, 77, 86, 88, 91, 93, 96
90, 3, 5, 6, 8, 9, 10, 12, 13, 17, 18, 21, 30, 34, 35, 38, 39, 43, 46, 47, 51, 54, 55, 57, 58, 60, 62, 63, 64, 65, 66, 67, 77, 78, 82, 83, 84, 86, 87, 93, 94, 97, 99
91, 1, 4, 6, 7, 12, 13, 14, 15, 16, 17, 19, 22, 23, 24, 25, 28, 30, 32, 34, 39, 43, 48, 49, 51, 53, 54, 60, 66, 72, 73, 75, 77, 78, 79, 87, 93, 99
92, 1, 4, 6, 7, 8, 10, 14, 21, 22, 24, 27, 28, 29, 32, 33, 34, 36, 38, 43, 44, 47, 48, 49, 50, 53, 55, 57, 58, 59, 62, 63, 66, 67, 70, 72, 76, 77, 78, 80, 81, 83, 87, 88, 93, 94, 95, 97, 98
93, 0, 2, 4, 5, 6, 8, 11, 14, 16, 17, 18, 19, 20, 23, 29, 30, 32, 33, 34, 35, 38, 42, 43, 44, 45, 48, 50, 52, 54, 60, 63, 65, 68, 70, 72, 73, 74, 77, 78, 79, 80, 81, 83, 84, 85, 86, 89, 90, 91, 98, 99
94, 4, 7, 9, 10, 12, 13, 16, 21, 24, 27, 30, 31, 32, 33, 35, 36, 39, 42, 45, 48, 50, 51, 52, 53, 56, 57, 60, 61, 62, 64, 72, 73, 74, 75, 77, 78, 79, 81, 82, 84, 85, 87, 92, 98
95, 3, 5, 9, 12, 17, 19, 20, 23, 24, 28, 32, 33, 38, 40, 43, 44, 45, 47, 48, 51, 53, 54, 61, 63, 66, 69, 71, 73, 75, 76, 78, 82, 85, 87, 88, 90, 91, 94
96, 0, 2, 6, 13, 14, 17, 19, 22, 24, 25, 28, 29, 32, 33, 34, 35, 40, 44, 45, 46, 47, 48, 51, 52, 54, 55, 58, 62, 66, 69, 70, 71, 74, 75, 78, 79, 81, 82, 83, 84, 89, 90, 91, 93, 97, 98
97, 5, 11, 13, 14, 15, 16, 17, 18, 23, 26, 30, 32, 33, 36, 39, 40, 41, 42, 43, 44, 47, 55, 59, 60, 65, 67, 68, 70, 73, 77, 78, 79, 81, 84, 86, 88, 92, 98
98, 0, 3, 5, 6, 7, 8, 16, 19, 23, 24, 28, 29, 33, 35, 36, 38, 42, 43, 45, 46, 49, 50, 54, 55, 57, 59, 67, 72, 76, 77, 78, 79, 80, 82, 85, 89, 92, 96
99, 2, 5, 8, 10, 12, 17, 19, 27, 29, 32, 35, 38, 41, 42, 43, 47, 51, 53, 54, 55, 59, 61, 62, 63, 65, 66, 67, 68, 73, 75, 77, 79, 82, 85, 88, 89, 91, 97, 98