!ADJACENCY_LIST !SIMPLE
100
0, 7, 37, 41, 53, 91
1, 24, 37, 52, 53, 83, 90
2, 41
3, 12, 19, 20, 50, 62, 72, 75, 88
4, 33, 37, 52, 80
5, 7, 14, 33, 45, 81, 86
6, 97
7, 1, 61, 87
8, 22, 42
9, 0, 64, 88
10, 41, 44, 48, 63, 72, 97
11, 5, 10, 25, 41, 57, 98
12, 24, 41
13, 29, 70, 78, 80
14, 11, 17, 18, 24, 44, 91
15, 3, 18, 24
16, 51, 57, 60, 61, 83, 88, 95
17, 9, 70
18, 17, 42, 60, 69, 95
19, 9, 12, 23, 42, 44, 50, 63, 78, 80, 88, 89
20, 36, 58, 75, 94
21, 58, 61, 70, 76, 90
22, 15, 67, 76
23, 48, 82
24, 30, 67
25, 15, 32, 41, 82
26, 75, 87, 91
27, 8, 42, 53, 76, 79, 85, 93
28, 12, 34, 36, 41
29, 61, 65, 78
30, 35, 67, 76
31, 23, 88, 92
32, 4, 58, 73, 77, 95
33, 0, 18, 41, 65
34
35, 23, 38, 63, 87
36, 2, 23, 50, 93, 97
37, 3, 34, 59, 75, 97
38, 14, 31, 45, 62
39, 12, 23, 24, 59, 75, 91
40
41, 2, 9, 64, 82, 92
42, 80, 94
43, 13, 21, 31, 35, 96
44, 3, 22, 45, 46, 73, 92
45, 1, 15, 35, 40, 41, 55, 56, 57, 66
46, 40
47, 12, 23, 53, 64, 74, 79
48, 71, 92
49, 38, 62, 81, 99
50, 43, 46, 97
51, 8, 11, 62
52, 3, 12, 19, 33, 89
53, 4, 23, 32, 35, 51, 57, 79, 90, 96
54, 9, 11, 29, 60
55, 0, 13, 38, 67, 76
56, 9, 16, 32, 95, 98
57, 11, 24, 28, 33, 45, 46, 63, 81, 98
58, 13, 24, 64, 78
59, 14, 44, 53, 96, 97, 99
60, 2, 31, 62
61, 22, 32, 42, 58, 92
62, 10, 32, 76
63, 59
64, 27, 42
65, 25, 30, 34, 39, 54, 75
66, 27, 55, 62, 63, 98
67, 9, 29, 36, 45, 62
68, 24, 27, 76, 83, 86, 95
69, 11, 17, 23, 45, 58, 77, 83, 97
70, 24
71, 7, 14, 31, 33
72, 6, 15, 19, 25, 97
73, 1, 5, 44, 76, 81
74, 29, 51, 60, 63
75, 8, 64, 86
76, 0, 38, 56, 85
77, 17, 75, 80, 97
78, 37, 38, 69, 99
79, 29
80, 76
81, 10, 32
82, 0, 31, 41, 42, 66, 96, 97
83, 33, 42, 48
84
85, 82
86, 17, 74
87, 45, 50, 84, 85
88, 70, 92
89, 55, 88
90, 52, 96
91, 65, 72, 86, 90, 94
92, 6, 32, 80, 85, 93
93, 32
94, 38, 65, 66, 74, 88
95, 18, 50, 54, 93
96, 36, 53, 94
97, 21, 37, 42, 88
98, 26, 46, 56
99, 26, 28