!ADJACENCY_LIST !SIMPLE
1000
0, 71, 218, 287, 487, 608, 995
1, 197, 221, 553, 584, 881
2, 681, 881
3, 175, 649, 700, 947
4, 577, 579
5, 686, 730, 964
6, 278, 325, 665
7, 243, 508, 690, 739, 915
8, 16, 227, 532, 637
9, 158, 498, 759
10, 152, 215, 239, 278, 522, 784, 823, 827, 883, 938
11, 113, 227, 399, 435
12, 492, 544
13, 383, 652, 997
14, 151, 249, 679, 727, 962, 992
15, 151, 302, 550, 713, 798
16, 125, 382, 385, 454, 602
17, 207, 267, 351, 370, 405, 504, 938, 989
18, 171, 393, 441, 810
19, 398, 417, 584
20, 30, 500
21, 124, 191, 298, 406, 830, 859
22, 31
23, 454, 465
24, 113, 129, 652, 895
25
26, 969
27, 9, 322, 437, 540, 791
28, 249, 641, 749, 763, 879, 914
29, 268, 789
30, 64, 238, 455, 555
31, 41, 358, 526, 807
32, 410, 481, 714, 869, 882
33, 166, 171, 510, 720, 929, 995
34, 175, 421, 480, 602
35, 370, 861
36, 168, 222, 787
37, 59, 179, 253, 374, 613, 800
38, 171, 246, 516, 605, 952
39, 416, 529, 635, 643, 694, 864
40, 335, 362
41, 107, 251
42, 58, 78, 159, 749
43, 270, 308, 706, 762
44, 34, 656, 680, 976
45, 428, 740
46, 121, 199, 423, 703
47, 405, 432, 765
48, 313
49, 614, 917
50, 313, 985
51, 159, 610
52, 40, 41, 114, 413, 675, 695, 871
53, 15, 214, 368, 483, 748, 836, 911, 977
54, 16, 49, 90, 101, 169, 236, 461, 730, 756, 796, 876, 879
55, 225, 326
56, 64, 220, 240, 339, 379, 478
57, 34, 372, 433, 673, 731
58, 35, 74, 339, 346, 535, 804
59, 227, 305, 309, 453, 576, 987
60, 451, 499, 931
61, 46, 130, 226, 431
62, 128, 326
63, 231, 411, 549
64, 308, 522, 550, 898, 996
65, 21, 33, 470, 626, 894
66, 108, 191, 271, 276, 423, 551
67, 284, 658, 792
68, 580, 768
69, 93, 115, 304, 787
70, 78, 303, 615
71, 273, 923, 926
72, 73
73, 701
74, 556, 787
75, 189, 314, 390, 547
76, 128, 631
77, 276, 581, 869, 886
78, 455, 537, 538, 542, 608, 682, 734, 765, 768
79, 266, 269
80, 121, 337, 567, 778, 934
81, 158, 370, 809
82, 451, 476, 538
83, 316, 389, 691, 741, 969
84, 293, 490, 739, 833, 906
85, 174, 592
86, 167, 634, 693
87, 231, 339, 355, 506, 886, 890, 892
88, 420, 855
89, 132, 170, 277, 424, 530, 770
90, 472, 653, 805, 841
91, 631
92, 165, 506, 550, 664, 681, 746, 904, 922
93, 16, 167
94, 126, 376, 537, 625, 844, 888
95, 119, 385, 388, 692, 817
96, 66, 708, 789
97
98, 24, 175, 213, 272, 726
99, 73, 111, 551, 772
100, 126, 535, 696, 881
101, 83, 113, 217, 278, 284, 479, 540, 677, 762, 987
102, 92, 415, 800
103, 220
104, 25, 87
105, 236, 597, 742, 759
106, 478, 529, 740
107, 378, 804
108, 142, 360, 619, 748, 765, 937
109, 13, 372, 474, 599, 787, 878, 907, 993
110, 329, 662, 676, 821, 881
111, 256, 345, 552, 613
112, 859, 945, 994
113, 101, 838, 988
114, 262, 316, 372, 398, 723
115, 566, 635, 760, 823, 915, 921
116, 253, 938
117, 772, 879
118, 6, 833, 932
119, 112, 285, 775, 894, 999
120, 260, 658, 669
121, 230, 913
122, 607
123, 51, 185, 233, 297, 366, 841
124, 116, 150, 676, 717, 850
125, 517, 647
126, 72, 78, 153, 172, 256, 605, 737
127, 696
128, 273, 317, 780
129, 99, 444, 822
130, 18, 184, 267, 403, 562, 741
131, 497, 525, 734
132, 437, 528, 941
133, 6, 137, 191, 447, 470
134, 325, 330
135, 31, 293, 332, 412, 415, 477, 957
136, 200, 219, 312, 490, 700, 731
137, 83, 98, 278, 928
138, 49, 93, 118, 434, 892, 918, 920
139, 573, 692
140, 525, 831
141, 518, 662, 923
142, 184, 241, 427, 546, 606, 665, 996
143
144, 73, 138, 755, 974, 989
145, 10, 460, 523, 660, 683, 797, 894, 955
146, 69, 818, 871, 877
147, 527, 622, 931, 938
148, 58, 549, 550, 601, 655, 791
149, 1, 90, 756, 918
150, 220, 246, 259, 684, 792, 946, 947
151, 61, 343, 546, 616, 807, 866, 867
152, 224, 229, 890, 930
153, 42, 210, 274, 311, 417, 541, 669
154, 271, 729
155, 137, 242, 274, 289, 455, 521, 579, 699, 857
156, 111, 292, 659, 993
157, 75, 398, 521, 842, 860
158
159, 342, 462, 533, 634, 777
160, 15, 128, 454, 491, 554, 946
161, 252, 508, 702, 818
162, 503, 667, 869
163, 95, 117, 333, 440, 714, 869
164, 85, 920
165, 171, 329, 448, 755, 792, 994
166, 538, 559
167, 306, 335, 361, 471, 475, 856
168, 133, 379, 477, 797
169, 70, 258, 260, 347, 802
170, 118, 491, 853
171, 447, 678, 779, 871
172, 285, 618
173, 528
174, 482
175, 375
176, 71, 195
177, 248, 423, 766
178, 1, 296, 432, 487, 624, 862
179, 60, 407
180, 48, 259, 336, 346, 368, 856, 940, 980
181, 326, 493, 697, 929
182, 8, 133, 287, 337
183, 138, 569, 826
184, 176, 565, 825
185, 527, 740, 960
186, 55, 215, 354, 667, 757
187, 454, 482
188, 81, 444, 500, 862
189, 259, 412, 688
190, 668, 747, 916
191, 69, 459, 671
192, 365, 545, 915
193, 34, 509, 694
194, 414, 484
195, 9, 434, 479
196, 921
197, 173, 403, 541
198, 140, 213, 632, 754, 787, 923, 947, 964
199, 521, 670
200, 9, 252, 263, 519, 627, 653, 813, 881
201, 81, 152, 823
202, 241, 750, 841
203, 146, 304
204, 209, 373, 931
205, 8, 225, 966
206, 203, 238
207, 188, 384, 679
208, 450, 630, 792
209, 500, 550, 675
210, 72, 160, 501, 618
211, 143, 302, 990
212, 385, 405, 691, 957
213, 97, 147, 838
214, 207, 320
215, 242, 434, 614, 772
216, 314, 386, 854
217, 205, 460, 520, 554, 979
218, 585, 631, 680
219, 463, 850
220, 100, 391, 392, 973
221, 257, 578, 950, 961, 977
222, 52, 235
223, 63, 132, 322, 501
224, 24
225, 7, 57, 709
226, 318, 333, 450, 804, 937
227, 117, 343, 378, 456, 632, 876
228, 59, 255, 296, 908
229, 30, 43, 816
230, 96, 183, 349, 946
231, 66, 169, 815
232, 62, 140, 320, 385, 937
233, 54, 335, 389, 419, 899
234
235, 112, 248, 370, 943
236, 68, 197, 341, 869
237, 12, 345, 986
238, 225, 500, 908
239, 102, 112, 166, 334, 352, 479, 734
240, 92
241, 26, 27, 354, 615, 769, 905
242, 26, 30, 444, 858, 937
243, 48, 129, 224, 522, 671, 844, 935
244, 8, 46, 189, 364, 431, 454, 647, 872, 882, 952
245, 7, 39, 180, 651
246, 180, 452, 596, 693, 735, 980
247, 460, 529, 766, 969
248, 71, 105, 119, 130, 185, 305, 504
249, 40, 413, 862, 989
250, 19, 203, 236, 576, 577, 926
251, 586
252, 11, 746, 747
253, 319, 385, 477, 763
254, 2, 679, 784, 834
255, 186, 260, 542, 948
256, 87, 98, 116, 369
257, 351, 403, 514, 707
258, 366, 933
259, 211, 314, 417, 682, 852, 931, 965
260, 494, 533, 684, 772, 876
261, 148, 359, 385, 546, 647, 796, 925
262, 9, 24, 336, 341, 480, 815, 899, 946
263, 165, 336, 458, 948, 998
264, 164, 434, 469, 471, 669
265, 126, 310, 340, 376, 502, 619, 738
266, 238, 415, 433, 566, 730, 750
267, 396, 804
268, 26, 71, 85, 164, 372, 386
269, 53
270, 78, 547, 827, 850
271, 32, 129, 398, 579, 735, 746
272, 0, 164, 701, 800, 898
273, 132, 402
274, 109, 751, 955, 969
275, 381, 406, 834
276, 131, 452, 459, 903
277, 31, 371, 451, 673, 779, 908, 929
278, 9, 102, 117, 179, 757
279, 383, 585, 752, 858, 995
280, 353, 426, 465, 684, 693
281, 223, 371, 603, 987
282, 76, 151, 184, 189, 397, 829, 903
283, 500, 522
284, 454, 527
285, 59, 143, 594, 642, 730, 850
286, 122, 250, 281, 570, 589, 892
287, 82, 100, 404, 519, 836, 925
288, 4, 155, 441, 537
289, 127
290, 248, 365, 382, 739, 807, 827
291, 168, 346, 449, 502, 777
292, 94, 120, 129, 510, 532, 621
293, 159, 858, 990
294, 270, 524, 563, 755, 757, 817
295, 78, 568, 639, 741, 768
296, 125, 668, 800
297, 298, 303, 376, 510, 957
298, 157, 250, 345, 501, 851
299, 218, 675, 917
300, 14, 74, 355, 423, 625, 869
301, 2, 572, 656, 889, 936
302, 7, 977
303, 456, 521, 759, 807, 986
304, 777
305, 19, 204, 432, 817, 931
306, 82, 307, 421, 430, 787, 873
307, 167, 270, 702, 994
308, 443, 491, 767, 917
309, 634, 921, 994
310, 511
311, 731, 860, 871
312, 531
313, 5, 123, 134, 336, 771, 872
314, 362, 558, 609, 929
315, 145, 282, 535, 595, 615
316, 3, 46
317, 257, 364, 799
318, 296
319, 193, 221, 876, 927
320, 834
321, 336, 514, 626, 789, 830
322, 226, 478, 522
323, 114, 203, 447, 516, 964
324, 306, 349, 418, 572, 625, 692, 976
325, 199, 312, 636, 726, 962
326, 491
327, 518, 575
328, 501, 651
329, 117, 172, 185, 242, 268, 411, 746, 938
330, 66, 96, 224, 459, 561, 683, 913, 928
331, 4, 149, 181, 688
332, 37, 261, 409, 814, 970
333, 108, 131, 343, 400, 509, 547, 563, 617, 998
334, 294, 492, 844
335, 245, 765, 828
336, 42, 518, 539, 572, 816, 875
337, 188, 292, 356, 411, 706
338, 426, 492, 767, 933
339, 103, 125, 174, 462, 793
340, 192, 213, 985
341, 92, 725
342, 95, 231, 253, 420, 630
343, 138, 429, 676, 825
344, 7, 911
345, 28, 778, 873, 962, 972
346, 111, 339, 452, 487, 809
347, 203, 442, 572, 723
348, 384, 421, 477, 649
349, 418, 451
350, 99, 639, 775
351, 69, 267, 281, 333, 637, 792, 899
352, 20, 232, 347, 635, 688, 722
353, 413, 578, 775, 902
354, 457, 853, 983
355, 169, 280, 314, 561, 825
356, 333, 508, 810, 823
357, 13, 170, 256, 371, 660
358, 732, 928
359, 521, 838
360, 44, 123, 593
361, 262, 403, 737, 824
362, 138, 349, 626, 889
363, 499, 584, 592, 620, 681, 684, 710
364, 143, 275, 571
365, 188, 413, 476, 709, 777
366, 200
367, 478, 562, 727
368, 110, 177, 483, 748
369, 76, 537
370, 18, 88, 929
371, 19, 236, 251, 314, 679
372, 654, 714
373, 675, 878
374, 250, 423, 459, 622, 695, 785
375, 84, 301, 431, 567, 940
376, 243, 359, 380, 662, 755, 769, 785, 928
377, 27, 158, 184, 191, 203, 319, 802, 881
378, 231
379, 173, 679, 829, 860
380, 326, 705
381, 259, 675
382, 423, 665, 842, 850, 901
383, 359, 680
384, 245, 439, 597, 909, 993
385, 560, 576, 904
386, 310, 360, 468, 524
387, 554, 890, 971
388, 156, 502
389, 404, 764, 801, 812
390, 283, 525, 552
391, 416, 437, 547, 571, 647
392, 573, 828, 836, 983
393, 389, 783, 863, 916
394, 312, 342, 902, 952
395, 589, 644, 740
396, 303, 617, 730, 734
397, 717, 756, 857
398, 139, 224, 236, 262, 357, 772
399, 208, 346, 853, 950
400, 231, 414, 635, 681, 885, 967
401, 727, 855
402, 54, 62, 579, 602, 610, 785
403, 75, 406, 413, 452, 812, 813
404, 373, 500, 777, 833
405, 12, 174, 177, 210, 503, 718, 858
406, 51, 123, 608, 683, 870, 941
407, 213, 343, 726, 876, 958
408, 396
409, 45, 237, 283, 336, 764, 941
410, 111, 185, 282, 523, 704
411, 10, 98, 143, 418, 931
412, 238, 462
413, 374, 697, 885
414, 102, 138, 814
415, 2, 394
416, 99, 154, 882, 943
417, 109, 387, 436, 455, 469, 858
418, 378, 437
419, 333
420, 301, 349, 362, 601, 817
421, 252, 706, 886, 951
422, 16, 859
423, 69, 151, 451, 569, 862
424, 730, 741, 901
425, 318, 612, 714, 926, 961
426, 321, 471
427, 215, 253, 315, 338, 509, 569, 938
428, 481, 657, 913
429, 621
430, 372, 432, 593, 654
431, 5, 116, 625
432, 361
433, 539, 605, 899
434, 233, 437, 461, 644, 653, 862
435, 230, 327, 706, 880
436, 77, 156, 183, 319, 877
437, 5, 287, 756, 781, 990
438, 195, 347, 622, 873
439, 453, 459, 500, 523
440, 583
441, 176, 367, 452, 498, 515, 596, 634
442, 230, 584, 673, 732, 788
443, 314, 430, 656, 725, 739, 851, 871
444, 159, 755
445, 24, 83, 931
446, 78, 239, 325, 664
447, 814, 872, 997
448, 182, 209, 559, 591
449, 205, 705
450, 97, 582, 595, 916
451, 323, 619, 973
452, 126, 291, 340, 797, 864
453, 17, 77, 91, 189
454, 117, 171, 238, 409, 443, 492
455, 36, 223, 382
456, 29, 424, 466, 546, 778, 892
457, 209, 224, 610, 782, 999
458, 50, 180, 507, 711, 834
459, 216, 360, 518, 948
460, 139, 969
461, 616, 996
462, 172, 303, 360, 655, 751, 935
463, 7, 295, 311, 315, 708
464, 142, 250, 260, 378, 549, 642, 714, 730
465, 371
466, 151, 275, 546, 733, 762, 928
467, 82, 226, 428, 631
468, 159, 307, 387, 794, 918
469, 166, 722, 800, 927
470, 389, 395, 440, 822
471, 261, 270, 308, 370, 558, 639, 739
472, 804
473, 33, 557, 823
474, 107, 386, 467, 688, 836, 937
475, 200, 334
476, 8, 556, 905, 966
477, 546, 616, 950, 973
478
479, 229, 268, 347
480
481, 64, 356, 406, 426, 822
482, 186, 333, 345, 505
483, 226, 861, 945
484, 299, 397, 986
485, 190, 552, 782
486, 1, 244, 331, 970
487, 19, 188, 788
488, 193, 506, 706
489, 105, 422, 540, 842
490, 140, 157, 227, 756
491, 436, 604, 643, 940
492, 76, 162, 169, 322, 571, 822, 877, 950
493, 109, 440, 605, 660, 721
494, 198, 783, 823
495, 210, 227, 599
496, 941
497, 49, 571, 808
498, 354, 843, 906
499, 217, 282, 422, 500, 552
500, 308, 485, 541, 663, 778
501, 556, 617, 892
502, 575, 587, 811
503, 393, 449, 468, 562
504, 177, 290, 573
505, 73, 756, 774
506, 104, 110, 249, 358, 938, 946
507, 289, 414, 540
508, 114, 409, 458
509, 29, 448, 497, 652, 938
510, 453
511, 9, 321, 426, 432, 450, 551, 571, 664, 820, 871
512, 144, 160, 372, 588, 794
513, 281, 905
514, 270, 430, 454, 484, 543, 885
515, 222, 577, 626, 699
516, 222, 334, 549, 580
517, 54, 192, 363, 413, 580, 623, 795
518, 248, 307, 368, 554, 925
519, 1, 295, 296, 309, 640
520, 30, 44, 251, 794
521, 195, 599, 754, 882
522, 223, 309, 330, 370, 388, 418, 618, 655
523, 374, 835
524, 233, 473, 476, 907
525, 300, 406, 748, 877, 898, 965
526, 184, 318, 896
527, 459, 543, 635
528, 69, 419
529, 162, 564, 573, 765, 872, 963
530, 15, 22, 130, 143, 212, 323, 690, 830
531, 183, 579
532, 237, 271, 450, 602, 626, 751, 966
533, 310, 341, 475
534, 179, 293, 747
535, 52, 356, 549, 671, 762
536, 59, 172, 249, 415, 419, 546, 643
537, 136, 649, 748, 753
538, 298, 307, 455, 551
539, 481, 697
540, 435, 770
541, 532, 553, 690, 733
542, 102, 200, 551, 857
543, 197, 224, 288, 313, 356, 563, 609, 792
544, 424, 618, 963
545, 597, 627, 639, 705, 761
546, 125, 206, 643, 933, 976
547, 140, 657, 694, 735, 870
548, 101, 764
549, 248, 603, 665, 722, 744, 991
550, 192, 216, 412, 547, 551, 564, 578, 588, 772
551, 399, 778
552, 141, 266, 418, 517, 901
553, 142
554, 51, 351, 494, 702, 826, 878, 924
555, 273, 656, 670, 774
556, 157, 566
557, 345, 412, 541, 668, 964
558, 13, 35, 171, 193, 871
559, 113, 187
560, 347, 480, 711, 760, 801, 806
561, 340, 558, 816, 883
562, 147, 286
563, 4, 466, 494, 516, 711, 794
564, 87, 752
565, 84, 308, 798, 835, 902
566, 460, 962
567, 514, 914
568, 189, 218, 391, 759
569, 1, 246, 420, 705, 760, 860
570, 675, 694, 891
571, 306, 382, 799, 840
572, 124, 355, 612
573, 59, 444, 570, 621, 742, 965
574, 355, 392, 405, 530
575
576, 510, 529, 628, 769, 962
577, 496, 994
578, 151, 178, 463, 491, 579, 616, 726, 760
579, 329, 740
580, 118, 506, 521, 553
581, 222, 389, 886
582, 78, 336, 378, 779, 819, 854, 904
583, 57, 148, 247, 292, 566, 634
584, 4, 369, 650, 770
585, 80, 157, 313, 612, 662
586, 355
587, 170, 323
588, 444, 572, 750
589, 234, 399, 544, 629, 737
590, 630, 744
591, 262, 492
592, 216, 548, 748, 787, 980
593, 50, 71, 148, 211, 243, 451, 855, 985
594, 85, 577, 582, 717
595, 361, 561, 892
596, 142, 514, 705, 897
597, 61
598, 89, 483, 512, 562, 677, 937
599
600, 295, 351, 474, 739, 806
601, 70, 274, 404, 473, 582, 714, 944, 954
602, 113, 167, 591, 679, 759
603, 151, 251, 814, 877, 918, 989
604, 314, 371, 506, 635, 678
605, 77, 430, 549, 660
606, 230, 456, 510, 699
607, 234, 334, 495, 509, 757, 770, 777, 818
608, 1, 82, 295, 672, 709, 831
609, 141, 186, 610, 749, 925
610, 96, 220, 225, 246, 330, 383, 606, 869
611, 23, 316, 448, 533, 633, 825
612
613, 18, 793
614, 221, 451, 633
615, 105, 359, 776, 941, 975
616, 246, 350, 684, 762, 817
617, 177, 664, 736
618, 638
619, 173, 420, 972
620, 549
621, 31, 32, 145, 295, 354, 398, 461, 463, 773, 909
622, 18, 489
623, 69, 200, 241, 375, 722, 822
624, 152, 620, 648, 897, 906
625, 37, 193, 509, 708
626, 798
627, 183, 296, 999
628, 196, 539, 592, 662, 723, 743, 761
629, 262, 492, 560
630, 12, 182, 505, 700, 712, 831
631, 638, 883
632, 317, 565, 731
633, 19, 261, 409, 466, 630, 737
634, 160, 245, 477, 948
635, 78, 195, 643, 709, 717, 756, 954
636, 377, 563, 788
637, 37, 194, 199, 296, 632, 788
638, 74, 199, 469, 550, 756
639, 54, 638
640, 660
641, 89, 606, 696, 725, 931, 987
642, 13, 172, 235, 326, 333, 928
643, 228, 302
644, 109, 235, 318
645, 258, 428, 485, 754, 912
646, 178, 441, 559, 905
647, 43, 64, 838
648, 363, 544, 546, 602, 854
649, 19, 427, 443, 530, 752, 893
650, 19, 131, 254, 633
651, 422, 523, 567, 608, 824, 874, 888
652, 70, 631, 930, 939
653, 28, 572, 777, 878
654, 658
655, 418, 693
656, 35, 196, 334, 529, 621, 700, 747, 764, 997
657, 411
658, 84, 240, 576
659, 584, 620, 692, 809, 970
660, 335, 539, 708
661, 300, 467, 566
662, 690
663, 184, 828, 864
664, 276, 624, 649, 793, 938
665, 407, 771, 780, 884, 993
666, 40, 106, 452, 505
667, 120, 191, 278, 776
668, 480, 523, 607
669, 151, 278, 535, 823
670, 363, 380, 625, 834, 976
671, 111, 499, 545, 798
672, 26, 321, 344, 590, 848, 893
673, 119, 161, 198, 486, 512, 835, 910
674, 7, 149, 349, 615, 718, 850
675
676, 151, 468
677, 195, 230, 247, 373, 430, 494
678, 524, 534, 694
679, 42, 90, 793, 885
680, 172, 306, 466, 599, 953
681
682, 36, 252
683, 554, 642
684, 265, 931
685, 403, 499, 832
686, 135, 308, 619, 626
687, 594, 791
688, 446, 532, 757
689, 808, 873, 914, 968, 993
690, 402, 492, 673, 761, 836
691, 70, 361, 754, 760
692, 350, 736
693, 124, 211, 909
694, 259, 266, 281, 980
695, 162, 491, 562, 598, 697, 864
696, 186, 585, 589
697, 328, 668, 910
698, 115, 458, 962
699, 24, 346, 395, 402, 521, 855, 887
700, 84, 279, 284, 429
701, 371, 404, 725
702, 116, 168, 901, 936
703, 481, 585, 812, 859, 935, 948
704, 193, 707, 716, 975
705, 223, 292, 902
706, 107, 230, 382
707, 204, 217, 708, 968
708, 8, 45, 177, 523, 582, 930
709, 59
710, 436, 743, 824
711, 33, 244, 255, 482, 497, 690, 791, 963, 989
712, 20, 103, 165, 572
713, 0, 121, 195, 329, 797, 897
714, 365, 477, 627, 823
715, 158, 288, 500, 650, 704, 737, 748, 980
716, 403, 699, 943
717, 120, 260, 394, 421, 609, 699
718, 109, 755, 986
719, 400, 523, 709, 889, 960, 968
720, 181, 457, 515, 944
721, 476, 502, 575, 649, 963
722, 312, 443, 677, 888, 993
723, 247, 453, 772
724, 86, 332, 484, 498, 806, 886
725, 305, 436, 756, 845
726, 137, 727, 994
727, 2, 8, 591
728, 154, 251, 379, 481, 595, 602, 657, 846
729, 159, 222, 243, 710, 745
730, 169, 867
731, 816
732, 780, 911
733, 18, 643, 662, 742
734, 547, 600, 678, 829
735, 101, 366, 555
736, 70, 90, 320, 531, 714, 719, 747
737, 601, 633
738, 364, 443, 536, 860
739, 200, 450, 678, 838
740, 427, 825
741, 120, 134, 205, 466, 568, 711, 784, 896
742, 2, 750, 888
743, 876
744, 13, 147, 217, 622, 714, 759
745, 737, 791
746, 336, 343, 706, 731
747, 368, 487, 666
748, 7, 429, 577, 721
749, 243, 434, 615, 666
750, 157, 200
751, 135, 270, 815
752, 146, 206, 510, 571, 626
753, 17, 395
754, 251
755, 536, 597
756, 126, 292, 431, 620, 926
757, 331, 349, 352, 461, 573, 725, 753
758, 84, 172, 300, 355, 731, 771
759, 695, 699, 805, 937
760, 84, 131, 468, 699
761, 186, 586, 778, 924
762, 68, 440, 452, 634, 685, 703, 950
763, 475, 535, 848
764, 224, 237, 410, 617
765, 293, 527
766, 10, 170, 380
767, 122, 181, 289, 460, 524, 695, 837
768, 590, 749, 975
769, 191, 235, 300, 318, 711, 859
770, 800, 805
771, 91, 386, 412, 500
772, 120, 415, 569, 625
773, 497, 744
774, 488
775, 629, 641, 659, 853
776, 127, 732, 932, 954
777, 535, 806
778, 28, 99, 414
779, 483
780, 161, 257, 297, 478, 804, 888
781, 117, 366
782, 753
783, 73, 219, 697
784, 22, 453, 469
785, 574, 993
786, 210, 434, 475, 713
787, 200, 393, 437, 825, 914, 931, 966
788, 26, 190, 362, 642
789, 96, 112, 145, 173, 240, 262, 772
790, 51, 322, 614
791, 68, 127, 346, 578, 581, 748, 779
792, 1, 182, 274
793, 154, 290, 394, 475, 789, 836, 902
794, 180, 409, 474, 710, 944
795, 102, 329, 411, 513, 526, 913
796, 179, 300, 771, 887, 930, 968
797, 528, 719, 902
798, 235, 445, 698, 807
799, 556, 673, 909, 914
800, 36, 213, 288, 871, 960
801, 71, 167, 205, 596
802, 511, 580, 834
803, 35, 105, 358, 423, 651, 863, 920
804, 704
805, 77, 668, 680
806, 128, 196, 258, 292, 585, 720, 823
807, 367, 409, 468, 484, 564, 852
808, 21, 224, 350, 768, 814, 957
809, 499, 648, 767, 913
810, 460, 548, 608, 712, 719, 870, 936
811, 46, 409, 447, 684, 960
812, 475
813, 321, 573
814, 135
815, 465
816, 110, 321, 928
817, 7, 318, 378, 726, 807
818, 335, 424, 681
819, 110, 434, 462, 598
820, 39, 242, 276, 279, 496, 799, 869
821, 38, 325, 570, 866
822, 142, 201, 302, 403, 532, 588, 616, 697
823, 16, 148
824, 377
825, 115, 438, 711, 794, 948
826, 24, 663, 888, 914
827, 833
828, 406, 525, 661, 792, 884
829, 16, 104, 141, 259, 891
830, 586, 881, 948, 962
831, 356, 381, 775, 895
832, 527, 660
833, 68, 213, 819, 874, 930, 969
834, 171, 462, 509, 551, 670, 716, 738, 820
835, 218, 405, 547, 675, 681, 749, 880
836, 191, 414, 896, 959
837, 538, 566, 984
838, 53, 83, 220, 320, 574, 680, 875, 988
839, 240, 255, 454
840, 115, 144, 513, 561, 784
841, 428, 444, 519, 536, 774
842, 36, 139, 355, 471, 615, 886, 887, 964
843, 394, 460, 600, 970
844, 43, 59, 444, 592
845, 444, 763, 770
846, 40, 255, 516, 840, 851
847, 123
848, 33, 317, 392, 502, 503, 671
849, 142, 798, 813, 974
850, 399, 551, 887
851, 369
852, 184
853, 112, 285, 484, 609
854, 261, 732, 819
855, 447, 635, 938, 957
856, 680
857, 68, 69, 76, 169, 690, 875
858, 48, 403
859, 4, 262, 477, 518, 664
860, 160, 226, 399
861, 560, 937
862, 100, 120, 337, 446, 939
863, 583
864, 74, 558, 603, 694
865
866, 431, 438, 472, 605, 696, 947
867, 236, 243, 272, 337, 646, 747, 847
868, 616, 839
869, 66, 132, 472, 491, 803, 841, 969, 991
870, 58, 482, 706, 773, 786, 917, 955
871, 638, 696, 872, 887, 897, 949
872, 115, 307, 353, 385, 970, 982, 994
873, 222, 333
874, 376, 507, 793, 979
875, 429, 529, 603, 849, 877
876, 66, 242, 295, 444, 576
877, 71, 338, 353, 476, 607, 664, 840
878, 40
879, 47, 334, 543
880, 71, 88, 203, 967
881, 141, 274, 277, 597, 976
882, 59, 215, 344, 483, 657, 892
883, 106, 109, 658
884, 69, 255, 282, 733
885, 235, 354, 547, 572, 776, 906, 972
886, 28, 86, 150, 371, 531, 677, 900
887, 20, 395, 696, 980
888, 65, 177, 590
889, 12, 178
890, 279, 367, 455, 898, 979
891, 181, 740, 751
892, 355, 364, 612, 625, 649
893, 36, 166, 846
894, 688, 776, 975
895, 162, 734
896, 54, 590, 596
897, 37, 220, 578
898, 98, 269, 295, 670, 966
899, 171, 380, 442, 493, 680, 705
900, 119, 303, 835
901, 106, 191, 601, 769, 924
902, 301, 655, 903
903, 47, 291, 664, 910
904, 76, 910
905, 612, 677, 732, 960, 984
906, 116, 473, 831, 876
907, 159, 321, 538, 556, 912, 977
908, 260, 303, 709, 783, 885
909, 160, 217, 642, 778
910, 508, 677
911, 391
912, 186, 420, 544, 588, 911
913, 188, 292, 322, 386, 632, 875
914, 3, 56, 82, 152, 239, 508, 529, 875
915, 361, 424, 770, 980
916, 81
917, 14, 216
918, 366, 513, 894
919, 178, 282, 413, 931
920, 92, 208, 806
921, 402, 871, 939
922, 204, 448, 657, 867
923, 19, 155, 643, 890
924, 189, 229, 925
925, 135, 484, 770, 798
926, 96, 257, 620, 799
927, 532, 546, 571, 630, 823, 867
928, 135, 433, 880
929, 135, 190
930, 21, 443, 522, 552, 888
931, 387, 534
932, 344, 413, 638, 666, 790, 999
933, 177, 223, 484, 612, 822
934, 209, 297, 750
935, 136, 312, 325
936
937, 83, 151, 198, 741
938, 6, 291, 521
939, 796, 857, 872, 990
940, 100, 276, 517, 651, 731
941, 35, 666, 676, 871, 962
942, 591
943, 296, 367, 977
944, 95
945, 41, 66, 128, 226, 438, 594, 682
946, 23, 39, 279, 831, 962
947, 608
948, 351, 403, 861
949, 401, 420, 724
950, 33, 478, 527, 757, 817
951, 172, 545, 552
952, 522, 976
953
954, 366, 689
955, 253, 313, 636, 731, 859
956, 8, 197, 284, 610, 787
957, 38, 381, 403, 630
958, 86, 685
959, 297, 612
960, 955
961, 22, 125, 255, 531, 574
962, 359, 892, 900, 969
963, 158, 807, 908
964, 631, 708, 719
965, 30, 213, 392, 408
966, 617, 810, 929
967, 18, 365, 410, 913, 931, 936
968, 121, 228, 236, 381
969, 11
970, 483, 667, 699, 709, 825
971, 343, 565, 958, 989
972, 15, 221, 399, 644
973, 132, 175, 399, 732, 786
974, 244, 289, 294, 404, 811, 850, 915
975, 166, 449, 732, 997
976, 40, 587, 859, 874, 910
977, 88, 512, 995
978, 399, 731, 983
979, 32, 320, 419, 442, 637, 721, 781
980, 164, 165, 166, 174, 559, 777, 944
981, 13, 152, 242, 418, 532, 599, 676, 718
982, 60, 296, 374, 670
983, 93, 774
984, 36, 175, 458, 864
985, 44, 403, 742
986, 96, 159, 176, 275, 290, 438, 596, 605
987, 25, 108, 233, 446, 593, 936, 985
988, 33, 144, 282, 470, 549, 758, 782
989, 54, 124, 285, 417
990, 118, 232, 919
991, 9, 139, 282, 773, 808
992, 629
993, 9, 324, 582, 714, 928
994, 75, 439, 470, 816, 836
995, 71, 400, 896, 939
996, 437, 817
997, 261, 318, 324, 730, 798, 999
998, 156, 382, 430, 457
999, 618, 654